2
3
3
4
4
6
6
7
7
9
10
10
10
12
12
16
16
18
18
18
19
19
20
20
20
20
21
21
22
24
25
26
26
26
27
27
32
33
33
34
35
36
36
38
38
39
39
40
44
44
45
46
47
47
48
49
49
49
49
50
52
53
54
54
55
57
58
58
59
61
61
62
62
62
63
63
63
65
65
66
68
69
73
75
75
76
76
77
77
77
78
81
84
84
85
85
86
86
88
92
95
95
97
97
99
100
101
101
102
102
103
104
105
106
107
107
108
108
110
110
111
113
115
116
117
117
118
119
119
121
122
122
124
129
129
130
131
134
136
137
139
141
142
142
144
145
146
147
147
150
150
150
150
150
150
151
152
155
157
157
157
158
158
159
160
161
164
164
165
167
171
172
173
174
174
174
175
177
177
178
178
178
179
179
180
182
183
183
186
186
187
192
193
196
198
199
199
200
200
201
201
202
203
204
205
210
212
212
213
215
217
219
219
221
221
221
223
223
223
224
225
225
225
227
228
229
230
230
231
231
232
232
233
234
236
236
236
237
238
238
238
239
240
240
241
243
244
245
245
246
247
249
251
253
253
254
254
255
256
256
257
258
261
262
262
267
268
270
271
272
272
273
273
273
275
276
278
278
278
278
279
281
282
282
282
284
286
286
287
288
288
289
289
289
290
291
291
293
293
294
294
296
301
302
302
302
302
303
304
307
307
307
308
309
310
311
316
317
318
318
318
319
321
322
323
323
324
324
324
325
325
325
328
329
331
331
331
331
332
332
335
339
343
344
344
344
345
348
349
355
357
357
357
357
357
359
359
360
361
361
361
362
365
366
367
368
368
373
376
376
378
378
379
379
380
381
381
381
383
383
384
384
385
385
386
387
387
391
393
396
399
399
399
400
402
402
402
403
403
405
405
405
405
406
407
411
411
411
412
412
413
414
415
416
417
418
418
421
422
424
425
425
425
428
429
429
434
434
434
435
436
437
437
437
438
438
439
439
440
441
441
441
443
444
444
445
446
447
447
448
450
450
452
454
455
457
458
459
460
460
461
462
462
463
465
466
466
467
469
470
470
470
471
473
474
475
475
475
479
480
480
481
481
481
482
482
482
484
485
485
487
490
490
490
491
495
496
498
498
499
499
499
499
500
500
501
501
502
503
504
504
504
505
505
508
510
512
513
513
513
514
515
517
518
518
519
519
521
523
523
524
524
525
525
525
525
527
528
529
531
531
531
532
532
533
533
534
538
539
539
539
540
540
540
541
541
542
542
545
545
548
548
550
550
550
551
552
553
555
557
559
559
562
563
564
565
566
567
567
568
570
571
572
572
574
574
575
576
578
580
581
583
584
585
586
587
587
588
589
590
591
592
592
592
593
594
595
596
601
601
604
607
609
609
610
610
611
611
613
616
616
619
622
622
623
623
624
627
628
628
631
631
634
639
639
639
639
640
642
642
645
645
646
648
648
651
651
652
655
655
658
658
659
659
659
661
662
663
664
664
665
666
666
667
668
669
669
671
672
675
677
679
680
680
682
684
684
686
686
686
687
687
689
692
694
695
696
696
700
700
703
703
704
704
705
705
705
705
706
707
710
713
713
713
715
716
716
717
717
719
720
720
720
721
722
722
723
723
723
724
724
727
727
729
729
730
731
731
739
741
742
742
743
743
744
745
745
745
745
748
749
749
751
753
753
754
754
754
756
757
758
759
759
760
761
762
766
766
766
766
767
767
767
769
770
771
773
773
773
774
774
774
775
776
776
776
778
779
780
783
783
785
786
788
789
789
791
792
792
793
794
794
795
796
799
800
800
800
801
801
801
802
803
803
804
806
807
807
807
809
810
811
815
815
816
816
816
817
817
819
820
821
823
825
826
826
827
827
830
833
834
834
834
835
836
836
837
837
838
838
838
840
841
841
844
844
845
846
846
847
848
849
849
851
853
854
854
856
856
856
858
858
860
860
861
861
861
862
864
864
864
865
865
866
866
866
866
873
875
875
876
876
878
882
885
887
887
887
888
891
891
892
894
895
895
895
896
896
896
897
897
898
899
902
904
904
908
908
908
909
910
911
912
912
912
912
913
913
914
915
916
916
917
918
918
920
921
922
923
926
926
928
930
930
932
932
934
935
935
935
936
936
936
936
937
938
940
942
942
944
945
947
948
951
954
955
957
957
957
962
966
966
967
967
968
969
971
972
972
973
974
975
975
975
976
977
978
978
981
982
982
983
983
985
985
985
985
986
988
989
990
990
990
991
992
992
993
994
995
996
996
998
1000
1000
1002
1002
1002
1003
1003
1005
1006
1007
1008
1011
1012
1012
1013
1021
1022
1025
1028
1029
1029
1030
1032
1034
1036
1037
1038
1040
1040
1041
1042
1043
1043
1043
1043
1043
1044
1044
1045
1046
1047
1047
1048
1050
1050
1051
1051
1051
1052
1052
1061
1063
1064
1065
1065
1065
1065
1065
1066
1068
1072
1073
1073
1073
1074
1075
1076
1078
1078
1079
1079
1079
1079
1083
1084
1086
1089
1089
1090
1091
1091
1094
1094
1094
1095
1097
1099
1100
1101
1102
1103
1104
1108
1108
1109
1109
1110
1111
1112
1114
1115
1115
1116
1117
1117
1120
1122
1123
1126
1126
1127
1128
1129
1131
1131
1132
1133
1134
1136
1137
1137
1138
1138
1138
1139
1141
1142
1142
1142
1143
1145
1146
1147
1148
1154
1156
1158
1160
1160
1161
1163
1163
1163
1164
1165
1165
1165
1166
1167
1167
1168
1168
1168
1170
1172
1172
1172
1172
1172
1174
1177
1177
1179
1180
1181
1181
1181
1182
1183
1183
1183
1186
1187
1187
1188
1189
1192
1194
1194
1195
1196
1198
1199
1202
1203
1204
1205
1205
1205
1205
1206
1206
1207
1207
1210
1211
1213
1217
1219
1220
1221
1221
1222
1222
1223
1225
1225
1228
1228
1228
1229
1229
1230
1233
1233
1233
1233
1234
1235
1235
1236
1236
1236
1238
1239
1239
1240
1240
1242
1242
1244
1246
1246
1247
1248
1249
1250
1250
1251
1251
1251
1252
1253
1254
1255
1257
1257
1264
1267
1267
1267
1268
1269
1269
1270
1271
1271
1272
1272
1274
1275
1275
1276
1276
1277
1277
1278
1278
1279
1279
1280
1281
1281
1282
1282
1283
1284
1285
1286
1286
1287
1289
1291
1292
1293
1298
1300
1301
1301
1302
1306
1307
1307
1308
1310
1313
1314
1314
1315
1316
1317
1320
1321
1322
1324
1324
1325
1325
1325
1326
1327
1327
1329
1332
1333
1336
1337
1337
1338
1338
1341
1341
1343
1343
1345
1345
1347
1351
1351
1352
1353
1354
1356
1356
1357
1357
1358
1358
1359
1359
1360
1361
1361
1361
1363
1364
1364
1364
1366
1367
1368
1370
1370
1370
1372
1373
1373
1374
1374
1376
1377
1379
1379
1379
1381
1385
1386
1386
1387
1387
1388
1389
1389
1390
1392
1392
1394
1397
1397
1397
1397
1398
1398
1400
1400
1402
1402
1403
1404
1404
1407
1407
1408
1410
1411
1417
1418
1418
1418
1419
1420
1420
1422
1424
1425
1426
1427
1428
1428
1428
1428
1432
1432
1433
1433
1434
1435
1435
1436
1436
1439
1439
1441
1441
1443
1444
1445
1446
1448
1450
1452
1453
1453
1455
1459
1460
1460
1463
1463
1464
1468
1469
1471
1471
1472
1474
1475
1476
1477
1477
1479
1482
1482
1483
1485
1485
1485
1485
1487
1490
1492
1492
1493
1496
1497
1498
1498
1499
1500
1501
1501
1502
1503
1503
1504
1505
1506
1506
1508
1508
1508
1509
1511
1512
1513
1514
1514
1515
1515
1516
1518
1520
1525
1525
1526
1533
1533
1537
1537
1539
1541
1542
1543
1545
1545
1548
1551
1551
1553
1554
1555
1556
1556
1557
1558
1562
1564
1564
1565
1565
1565
1566
1566
1567
1568
1568
1568
1569
1569
1570
1571
1571
1572
1572
1575
1576
1576
1577
1577
1577
1577
1578
1581
1583
1584
1586
1587
1587
1589
1590
1591
1591
1592
1592
1594
1595
1595
1596
1596
1597
1598
1598
1600
1601
1601
1602
1603
1603
1604
1604
1605
1606
1606
1607
1607
1608
1609
1610
1611
1612
1612
1615
1616
1616
1617
1618
1619
1622
1623
1624
1626
1626
1626
1627
1629
1629
1630
1631
1632
1632
1633
1633
1634
1634
1635
1637
1637
1638
1639
1641
1641
1642
1644
1645
1645
1646
1648
1651
1651
1652
1654
1656
1656
1658
1658
1661
1661
1663
1663
1664
1664
1666
1669
1671
1672
1672
1673
1675
1676
1677
1677
1677
1682
1684
1684
1685
1685
1686
1688
1688
1688
1689
1689
1689
1690
1691
1692
1693
1696
1697
1697
1698
1699
1699
1700
1701
1702
1705
1706
1707
1709
1709
1711
1712
1715
1716
1718
1719
1720
1720
1722
1722
1722
1724
1724
1725
1725
1725
1728
1730
1730
1730
1730
1732
1737
1737
1739
1740
1741
1742
1742
1743
1744
1745
1745
1745
1746
1747
1748
1749
1750
1750
1751
1751
1752
1755
1756
1758
1759
1760
1760
1764
1765
1766
1766
1766
1766
1772
1774
1774
1778
1779
1782
1786
1787
1787
1788
1790
1790
1790
1791
1792
1792
1793
1795
1796
1796
1799
1800
1800
1802
1802
1802
1804
1804
1804
1806
1809
1810
1811
1814
1815
1815
1817
1818
1820
1820
1824
1826
1826
1827
1828
1829
1829
1832
1832
1832
1833
1833
1836
1836
1838
1838
1840
1841
1841
1842
1842
1844
1845
1847
1847
1849
1849
1849
1849
1850
1850
1851
1852
1853
1853
1854
1858
1859
1861
1862
1863
1865
1866
1866
1866
1866
1867
1869
1871
1871
1872
1872
1875
1875
1875
1875
1876
1877
1877
1878
1878
1880
1880
1880
1880
1880
1881
1882
1882
1882
1882
1883
1885
1886
1886
1890
1891
1892
1893
1895
1895
1895
1896
1896
1896
1897
1899
1903
1905
1906
1906
1907
1908
1908
1908
1909
1910
1911
1911
1911
1913
1914
1915
1917
1917
1918
1919
1919
1919
1919
1921
1921
1922
1923
1923
1924
1926
1926
1929
1930
1931
1932
1934
1935
1935
1935
1936
1937
1937
1938
1939
1939
1940
1941
1942
1943
1943
1944
1944
1945
1948
1950
1950
1950
1951
1951
1955
1956
1958
1958
1963
1965
1965
1965
1966
1967
1967
1967
1969
1969
1969
1971
1972
1976
1976
1976
1976
1977
1978
1978
1978
1980
1980
1981
1981
1982
1984
1985
1986
1986
1988
1988
1989
1990
1991
1991
1992
1992
1993
1993
1993
1994
1995
1996
1997
1997
1997
1998
2001
2001
2003
2003
2003
2005
2005
2008
2009
2009
2009
2010
2011
2011
2011
2012
2012
2012
2012
2013
2014
2015
2015
2016
2018
2018
2019
2020
2020
2020
2022
2023
2024
2029
2030
2032
2032
2032
2033
2033
2034
2034
2035
2036
2037
2037
2041
2041
2041
2042
2042
2042
2042
2042
2042
2043
2044
2044
2045
2046
2047
2048
2049
2049
2049
2054
2054
2055
2056
2058
2058
2059
2061
2063
2064
2064
2065
2065
2065
2065
2067
2068
2069
2069
2070
2071
2073
2075
2075
2076
2076
2076
2077
2077
2078
2080
2080
2080
2080
2080
2081
2082
2082
2083
2086
2087
2090
2090
2090
2091
2092
2093
2093
2095
2096
2096
2096
2098
2099
2099
2100
2100
2101
2103
2105
2105
2105
2105
2105
2106
2107
2108
2109
2109
2113
2114
2114
2114
2116
2120
2120
2120
2122
2122
2123
2124
2124
2125
2128
2129
2130
2131
2132
2132
2139
2139
2140
2140
2141
2141
2144
2147
2147
2150
2150
2150
2151
2153
2153
2159
2160
2161
2161
2162
2163
2163
2164
2164
2165
2165
2165
2165
2166
2166
2166
2167
2170
2171
2172
2172
2172
2173
2174
2174
2174
2174
2175
2176
2176
2178
2178
2181
2182
2184
2186
2187
2189
2189
2189
2191
2191
2192
2193
2193
2194
2196
2197
2197
2198
2200
2200
2201
2202
2202
2203
2204
2204
2205
2206
2208
2209
2213
2214
2214
2214
2216
2217
2217
2218
2219
2219
2219
2220
2222
2223
2229
2229
2230
2231
2231
2232
2232
2233
2233
2233
2235
2235
2235
2236
2238
2240
2241
2241
2243
2243
2243
2244
2245
2248
2248
2249
2252
2253
2253
2257
2257
2258
2258
2258
2259
2260
2260
2264
2266
2269
2269
2269
2270
2275
2275
2275
2278
2280
2281
2282
2284
2286
2286
2289
2289
2290
2291
2294
2296
2296
2300
2301
2301
2302
2302
2302
2304
2305
2305
2305
2305
2307
2307
2308
2308
2308
2309
2311
2313
2315
2316
2316
2317
2317
2318
2319
2319
2319
2319
2320
2321
2322
2325
2327
2331
2331
2332
2332
2333
2334
2336
2336
2337
2340
2343
2344
2344
2345
2347
2347
2349
2349
2349
2349
2350
2350
2352
2352
2352
2354
2354
2355
2355
2355
2356
2357
2357
2357
2366
2367
2368
2369
2369
2369
2370
2370
2372
2372
2376
2377
2379
2381
2381
2381
2382
2383
2383
2384
2384
2387
2387
2391
2391
2392
2392
2393
2393
2396
2400
2401
2402
2405
2406
2406
2407
2410
2414
2415
2416
2417
2417
2418
2418
2419
2420
2421
2422
2422
2427
2427
2428
2429
2430
2432
2432
2433
2434
2435
2440
2440
2441
2441
2441
2442
2444
2445
2448
2450
2452
2455
2455
2457
2457
2459
2459
2459
2462
2462
2462
2464
2464
2465
2466
2466
2466
2467
2469
2470
2470
2471
2471
2472
2476
2478
2479
2479
2479
2479
2480
2481
2482
2482
2483
2483
2483
2483
2486
2487
2489
2489
2490
2490
2491
2491
2491
2493
2494
2494
2494
2495
2495
2496
2497
2499
2502
2503
2505
2506
2507
2507
2508
2509
2509
2509
2509
2510
2512
2513
2513
2515
2515
2516
2516
2517
2517
2519
2519
2519
2520
2520
2521
2523
2526
2528
2528
2528
2529
2530
2531
2531
2532
2534
2534
2535
2535
2535
2536
2536
2537
2537
2538
2540
2541
2541
2541
2541
2541
2541
2542
2543
2543
2544
2545
2546
2546
2550
2551
2554
2554
2554
2555
2557
2558
2558
2558
2561
2562
2562
2563
2563
2565
2566
2566
2567
2567
2570
2570
2573
2573
2573
2573
2576
2577
2578
2580
2580
2581
2582
2584
2584
2586
2586
2586
2588
2589
2589
2589
2591
2591
2592
2593
2594
2597
2598
2600
2602
2602
2602
2603
2603
2605
2605
2605
2606
2607
2608
2608
2609
2609
2610
2611
2611
2612
2614
2615
2615
2616
2616
2616
2617
2617
2620
2620
2622
2624
2626
2628
2629
2629
2630
2630
2630
2630
2630
2632
2633
2634
2634
2634
2635
2635
2636
2636
2636
2637
2637
2638
2641
2642
2642
2643
2643
2644
2645
2645
2646
2646
2648
2648
2648
2648
2649
2650
2650
2651
2652
2652
2653
2655
2657
2658
2659
2659
2659
2660
2660
2660
2662
2665
2667
2670
2670
2671
2672
2673
2675
2677
2678
2678
2679
2680
2684
2684
2685
2686
2687
2687
2688
2689
2690
2692
2692
2692
2693
2693
2693
2694
2696
2698
2698
2699
2703
2705
2710
2711
2711
2712
2713
2714
2715
2715
2716
2716
2719
2719
2719
2721
2721
2727
2727
2728
2728
2732
2732
2734
2737
2738
2739
2744
2744
2745
2746
2746
2748
2748
2751
2752
2754
2755
2755
2756
2758
2759
2760
2761
2762
2765
2765
2766
2766
2769
2770
2771
2772
2772
2773
2774
2777
2780
2780
2781
2781
2784
2785
2785
2789
2792
2792
2792
2793
2795
2795
2797
2797
2801
2802
2803
2803
2806
2808
2808
2809
2810
2811
2811
2813
2814
2815
2819
2820
2820
2821
2823
2827
2828
2830
2830
2831
2832
2832
2834
2836
2836
2840
2841
2841
2842
2842
2843
2844
2844
2846
2849
2850
2851
2852
2855
2855
2856
2857
2860
2860
2862
2867
2867
2868
2870
2872
2872
2873
2873
2876
2877
2877
2877
2879
2879
2880
2881
2881
2881
2882
2883
2887
2887
2887
2888
2888
2888
2889
2889
2889
2889
2890
2892
2893
2893
2894
2895
2895
2897
2898
2900
2902
2904
2905
2906
2907
2908
2909
2909
2910
2911
2912
2913
2913
2914
2914
2914
2915
2917
2919
2919
2920
2920
2920
2921
2923
2925
2925
2928
2928
2928
2928
2929
2929
2929
2933
2933
2937
2938
2939
2940
2940
2940
2941
2943
2943
2944
2945
2946
2947
2948
2950
2952
2953
2953
2953
2954
2956
2957
2962
2963
2964
2966
2967
2968
2968
2971
2971
2971
2975
2975
2977
2977
2979
2980
2980
2980
2980
2980
2981
2982
2982
2982
2982
2986
2988
2989
2991
2992
2994
2995
2996
3000
3002
3002
3004
3004
3004
3004
3009
3010
3010
3010
3011
3012
3012
3012
3014
3014
3014
3015
3015
3015
3016
3016
3019
3020
3021
3022
3022
3026
3026
3026
3027
3028
3029
3031
3031
3031
3032
3032
3034
3034
3035
3037
3038
3041
3041
3042
3042
3046
3047
3047
3048
3048
3049
3050
3051
3052
3055
3055
3057
3058
3059
3059
3062
3063
3063
3064
3065
3066
3066
3067
3067
3068
3069
3069
3072
3072
3074
3075
3075
3076
3076
3076
3077
3077
3077
3078
3080
3080
3081
3081
3081
3082
3083
3084
3085
3086
3086
3087
3089
3089
3090
3091
3092
3093
3094
3096
3099
3099
3100
3100
3100
3101
3101
3102
3104
3105
3105
3106
3108
3108
3109
3109
3112
3115
3115
3116
3116
3117
3119
3119
3119
3120
3123
3123
3124
3125
3126
3128
3129
3129
3129
3132
3134
3136
3136
3138
3139
3140
3142
3143
3144
3147
3148
3149
3149
3149
3153
3154
3155
3156
3157
3158
3159
3160
3160
3161
3166
3168
3168
3170
3171
3171
3172
3173
3173
3173
3175
3178
3180
3181
3182
3182
3183
3183
3185
3186
3189
3191
3193
3195
3198
3198
3198
3201
3201
3201
3202
3205
3205
3206
3207
3209
3209
3210
3210
3212
3212
3213
3213
3214
3214
3216
3216
3217
3219
3219
3219
3220
3223
3223
3224
3225
3225
3226
3227
3227
3229
3230
3231
3231
3231
3233
3233
3233
3234
3236
3236
3236
3236
3237
3238
3238
3239
3240
3241
3242
3245
3245
3245
3246
3247
3247
3247
3248
3248
3249
3250
3251
3251
3253
3254
3256
3257
3258
3258
3260
3260
3260
3260
3261
3262
3263
3263
3263
3264
3264
3265
3265
3266
3267
3268
3269
3270
3271
3272
3272
3274
3274
3275
3275
3276
3277
3277
3279
3279
3281
3281
3281
3283
3283
3283
3284
3284
3284
3284
3285
3285
3286
3287
3287
3288
3289
3290
3292
3293
3296
3296
3296
3297
3298
3301
3302
3304
3304
3305
3305
3305
3306
3313
3314
3314
3314
3315
3317
3317
3318
3319
3319
3321
3323
3323
3324
3325
3325
3325
3327
3328
3328
3329
3330
3330
3330
3331
3332
3332
3332
3334
3334
3334
3335
3335
3336
3339
3340
3340
3342
3342
3343
3344
3344
3346
3346
3347
3347
3347
3349
3351
3353
3353
3353
3354
3355
3356
3358
3358
3359
3359
3360
3361
3363
3363
3366
3367
3368
3371
3372
3374
3375
3375
3379
3379
3379
3380
3380
3381
3382
3382
3383
3384
3386
3386
3389
3392
3392
3393
3397
3397
3398
3398
3398
3399
3399
3400
3400
3401
3402
3404
3405
3406
3406
3407
3407
3407
3408
3409
3416
3416
3416
3417
3417
3418
3420
3421
3422
3422
3423
3423
3423
3424
3425
3426
3427
3427
3429
3429
3430
3432
3436
3436
3439
3439
3439
3440
3440
3441
3441
3441
3443
3444
3445
3445
3447
3447
3448
3449
3450
3452
3454
3454
3454
3455
3456
3457
3457
3458
3458
3458
3459
3459
3460
3461
3461
3463
3463
3464
3464
3465
3465
3466
3467
3468
3471
3471
3471
3472
3472
3472
3473
3475
3477
3477
3478
3478
3478
3480
3480
3481
3482
3482
3482
3483
3483
3485
3485
3485
3486
3486
3486
3488
3489
3489
3490
3490
3490
3491
3492
3492
3492
3495
3495
3497
3497
3498
3499
3499
3499
3500
3500
3500
3500
3502
3503
3504
3508
3511
3511
3511
3512
3514
3516
3517
3517
3518
3518
3519
3519
3524
3524
3524
3525
3526
3528
3528
3529
3530
3533
3533
3535
3537
3538
3538
3539
3539
3539
3540
3542
3544
3546
3547
3547
3549
3551
3551
3552
3552
3554
3561
3561
3561
3561
3562
3563
3564
3566
3566
3566
3567
3568
3570
3570
3570
3571
3571
3572
3573
3574
3576
3577
3579
3579
3579
3581
3582
3583
3583
3584
3584
3585
3587
3587
3587
3589
3589
3591
3592
3593
3594
3595
3596
3598
3599
3599
3599
3599
3600
3600
3601
3601
3602
3603
3603
3608
3611
3612
3612
3612
3614
3616
3617
3617
3618
3618
3619
3623
3623
3625
3626
3627
3627
3627
3628
3631
3631
3632
3632
3632
3633
3634
3635
3636
3636
3637
3638
3638
3639
3640
3641
3642
3643
3644
3644
3645
3646
3647
3647
3649
3649
3650
3650
3656
3657
3658
3659
3659
3662
3662
3662
3662
3663
3665
3665
3667
3669
3670
3673
3673
3674
3677
3679
3681
3682
3683
3683
3683
3685
3685
3687
3688
3689
3689
3689
3690
3691
3696
3697
3699
3701
3702
3703
3703
3704
3707
3710
3710
3711
3712
3712
3713
3713
3713
3716
3716
3717
3719
3722
3723
3723
3725
3726
3727
3727
3727
3728
3728
3729
3729
3732
3733
3733
3734
3735
3735
3738
3740
3740
3741
3746
3747
3748
3749
3750
3751
3751
3751
3752
3753
3754
3756
3756
3757
3758
3758
3761
3762
3764
3766
3767
3767
3770
3771
3772
3773
3775
3775
3775
3775
3776
3777
3778
3779
3781
3782
3783
3784
3785
3785
3785
3789
3790
3790
3792
3792
3793
3793
3797
3797
3797
3797
3798
3799
3800
3800
3800
3802
3803
3803
3804
3805
3805
3809
3811
3813
3814
3816
3816
3818
3820
3820
3821
3823
3823
3824
3825
3826
3827
3827
3828
3831
3832
3832
3834
3835
3839
3840
3841
3842
3843
3844
3845
3845
3845
3846
3846
3846
3848
3849
3851
3852
3853
3856
3856
3856
3857
3859
3861
3863
3867
3867
3868
3869
3869
3871
3872
3872
3872
3873
3873
3874
3875
3877
3878
3880
3881
3882
3882
3884
3885
3886
3887
3890
3890
3891
3891
3891
3892
3895
3895
3896
3896
3897
3898
3899
3899
3900
3901
3902
3903
3903
3904
3904
3904
3905
3907
3907
3907
3908
3908
3910
3912
3912
3913
3916
3917
3917
3918
3919
3920
3923
3924
3925
3926
3926
3927
3927
3928
3928
3930
3935
3936
3937
3940
3941
3942
3942
3943
3945
3945
3945
3947
3948
3949
3951
3953
3954
3954
3954
3955
3955
3956
3957
3957
3958
3959
3959
3960
3963
3965
3968
3968
3969
3969
3971
3972
3973
3975
3975
3977
3981
3981
3983
3984
3984
3984
3985
3988
3988
3989
3989
3989
3990
3991
3992
3992
3992
3996
3997
3998
3998
4001
4001
4004
4005
4005
4008
4008
4009
4010
4010
4011
4014
4014
4015
4015
4016
4017
4018
4021
4021
4022
4022
4022
4023
4025
4026
4027
4027
4027
4029
4030
4030
4031
4031
4032
4034
4034
4035
4035
4035
4036
4038
4038
4041
4043
4044
4044
4044
4045
4048
4048
4048
4048
4049
4049
4049
4050
4051
4052
4053
4053
4054
4054
4055
4056
4057
4057
4057
4057
4057
4058
4060
4060
4061
4061
4062
4063
4063
4063
4067
4067
4069
4070
4072
4075
4075
4075
4075
4075
4076
4077
4078
4078
4085
4086
4091
4093
4094
4097
4100
4103
4103
4103
4104
4104
4105
4106
4109
4110
4110
4110
4114
4115
4115
4116
4116
4117
4119
4119
4120
4120
4120
4120
4121
4123
4123
4124
4124
4125
4125
4126
4127
4128
4130
4130
4131
4132
4135
4135
4136
4139
4140
4140
4141
4143
4146
4146
4147
4148
4150
4151
4151
4152
4152
4153
4155
4157
4157
4158
4159
4160
4163
4164
4165
4166
4167
4168
4169
4169
4170
4170
4172
4172
4176
4176
4176
4176
4176
4176
4177
4178
4179
4179
4181
4181
4182
4184
4184
4185
4186
4186
4189
4189
4190
4190
4192
4193
4195
4197
4199
4199
4200
4202
4203
4205
4206
4210
4211
4212
4214
4216
4220
4222
4223
4225
4225
4229
4229
4229
4234
4235
4235
4236
4237
4238
4238
4240
4240
4243
4243
4243
4244
4244
4245
4245
4245
4246
4246
4247
4248
4249
4249
4250
4250
4250
4253
4254
4256
4259
4260
4260
4260
4266
4268
4269
4270
4271
4271
4273
4273
4275
4277
4280
4282
4282
4283
4283
4285
4285
4289
4289
4290
4291
4291
4292
4293
4293
4295
4295
4297
4298
4298
4298
4299
4299
4300
4301
4301
4301
4305
4306
4306
4306
4308
4309
4310
4310
4310
4310
4310
4310
4314
4315
4315
4316
4320
4320
4321
4322
4323
4327
4327
4329
4330
4330
4330
4332
4332
4334
4335
4336
4336
4337
4337
4337
4338
4338
4338
4341
4341
4343
4343
4347
4348
4349
4350
4351
4353
4354
4354
4355
4355
4355
4356
4357
4358
4359
4359
4359
4359
4360
4361
4362
4362
4363
4363
4364
4364
4366
4366
4367
4367
4369
4369
4370
4370
4371
4372
4373
4374
4374
4375
4375
4376
4376
4376
4377
4378
4379
4379
4379
4380
4380
4381
4381
4381
4382
4382
4385
4386
4386
4386
4387
4389
4390
4390
4392
4392
4392
4394
4395
4395
4396
4397
4397
4398
4398
4401
4401
4401
4402
4403
4403
4404
4405
4406
4408
4408
4409
4409
4410
4410
4410
4411
4411
4411
4411
4412
4412
4413
4413
4414
4416
4417
4418
4418
4421
4422
4423
4424
4425
4425
4426
4428
4428
4428
4429
4429
4429
4431
4432
4434
4434
4434
4434
4435
4435
4436
4438
4438
4438
4440
4444
4445
4446
4446
4448
4449
4452
4452
4453
4454
4456
4459
4459
4459
4460
4463
4465
4468
4468
4469
4469
4471
4472
4475
4478
4480
4480
4481
4481
4482
4483
4485
4486
4487
4489
4489
4490
4492
4494
4495
4497
4499
4500
4500
4501
4502
4502
4505
4506
4506
4506
4509
4509
4509
4509
4512
4513
4513
4514
4514
4514
4516
4518
4518
4521
4524
4524
4526
4528
4529
4529
4532
4533
4533
4536
4538
4539
4541
4541
4544
4544
4545
4545
4545
4546
4547
4548
4549
4549
4549
4549
4551
4552
4553
4553
4555
4557
4558
4558
4559
4559
4560
4562
4563
4564
4565
4565
4567
4567
4568
4568
4569
4570
4571
4572
4572
4573
4574
4574
4574
4575
4575
4575
4578
4580
4581
4581
4581
4581
4583
4583
4583
4584
4585
4586
4586
4588
4588
4589
4589
4590
4590
4590
4590
4591
4591
4592
4592
4598
4599
4601
4601
4603
4603
4605
4606
4606
4608
4611
4611
4611
4612
4612
4612
4613
4614
4614
4614
4615
4616
4616
4617
4617
4618
4618
4624
4624
4624
4624
4624
4625
4625
4626
4628
4629
4629
4631
4631
4631
4632
4633
4633
4634
4635
4636
4637
4637
4637
4637
4637
4639
4640
4641
4642
4643
4643
4643
4645
4645
4646
4647
4648
4648
4649
4650
4653
4655
4655
4658
4660
4660
4662
4663
4664
4664
4666
4666
4666
4667
4668
4668
4669
4670
4670
4673
4674
4675
4675
4677
4677
4678
4679
4680
4681
4685
4686
4686
4687
4688
4690
4691
4692
4692
4693
4694
4694
4694
4697
4698
4698
4699
4701
4702
4703
4703
4703
4705
4705
4705
4705
4708
4709
4710
4710
4711
4711
4711
4711
4715
4716
4717
4718
4719
4719
4720
4721
4722
4722
4724
4725
4725
4726
4727
4727
4727
4730
4734
4735
4737
4737
4738
4738
4738
4740
4740
4740
4740
4743
4743
4743
4743
4745
4746
4747
4748
4751
4753
4753
4753
4758
4759
4760
4761
4765
4766
4766
4767
4768
4768
4769
4772
4774
4774
4775
4775
4776
4778
4778
4779
4779
4780
4780
4782
4783
4786
4787
4787
4788
4789
4790
4790
4791
4793
4793
4793
4795
4796
4797
4799
4800
4802
4803
4804
4807
4809
4810
4811
4813
4815
4816
4816
4817
4817
4818
4818
4818
4819
4822
4822
4823
4824
4824
4825
4825
4828
4828
4828
4830
4833
4835
4835
4835
4837
4837
4838
4838
4838
4838
4839
4839
4839
4840
4840
4840
4840
4841
4843
4844
4847
4849
4850
4850
4852
4852
4854
4855
4856
4856
4858
4861
4861
4863
4865
4865
4866
4866
4866
4868
4870
4871
4872
4873
4874
4874
4875
4877
4877
4878
4878
4878
4882
4883
4883
4884
4885
4886
4889
4889
4890
4891
4891
4892
4892
4892
4894
4896
4896
4897
4897
4898
4899
4899
4901
4903
4904
4904
4905
4906
4907
4909
4909
4909
4909
4909
4909
4910
4911
4917
4918
4918
4919
4920
4921
4921
4922
4923
4924
4925
4927
4927
4928
4929
4929
4930
4930
4931
4932
4932
4933
4934
4938
4941
4941
4943
4943
4943
4944
4945
4949
4949
4950
4950
4951
4954
4955
4956
4956
4957
4960
4961
4962
4962
4963
4964
4964
4966
4967
4967
4970
4970
4971
4971
4972
4972
4973
4976
4976
4976
4978
4978
4979
4979
4980
4981
4982
4983
4984
4985
4985
4985
4987
4988
4988
4991
4992
4993
4993
4993
4993
4994
4995
4995
4995
4997
4998
4999
5000
5000
5001
5001
5001
5001
5001
5001
5001
5001
5006
5007
5008
5011
5011
5012
5012
5012
5012
5013
5014
5014
5015
5017
5018
5019
5019
5020
5020
5020
5021
5021
5022
5022
5024
5024
5025
5025
5027
5028
5028
5029
5029
5031
5031
5032
5034
5034
5034
5035
5035
5035
5035
5036
5036
5038
5038
5038
5039
5041
5041
5042
5042
5044
5047
5047
5048
5048
5050
5051
5053
5053
5053
5054
5057
5057
5058
5059
5060
5061
5062
5063
5064
5066
5066
5069
5069
5071
5074
5074
5075
5077
5077
5078
5080
5081
5081
5081
5083
5083
5086
5086
5088
5088
5088
5090
5091
5092
5092
5095
5096
5096
5097
5097
5098
5100
5102
5102
5103
5104
5105
5106
5109
5112
5114
5115
5115
5115
5117
5120
5120
5122
5123
5123
5123
5126
5127
5127
5130
5131
5132
5132
5132
5133
5133
5134
5136
5137
5138
5138
5138
5139
5139
5140
5140
5142
5142
5143
5143
5143
5144
5145
5147
5147
5148
5148
5152
5152
5154
5154
5154
5155
5156
5157
5158
5158
5159
5160
5160
5161
5163
5164
5164
5165
5166
5168
5170
5170
5171
5171
5171
5171
5172
5173
5174
5174
5175
5176
5177
5179
5179
5181
5182
5183
5183
5186
5186
5187
5188
5189
5194
5194
5194
5194
5195
5195
5196
5197
5197
5197
5200
5202
5203
5203
5204
5206
5207
5207
5208
5209
5210
5210
5210
5212
5212
5213
5214
5214
5214
5214
5215
5216
5217
5217
5217
5218
5218
5220
5221
5221
5222
5222
5223
5223
5223
5224
5224
5225
5226
5226
5227
5228
5228
5229
5229
5230
5233
5234
5235
5236
5239
5239
5241
5242
5243
5243
5246
5247
5248
5249
5250
5253
5253
5254
5255
5257
5259
5259
5261
5261
5261
5261
5262
5263
5264
5264
5265
5265
5266
5267
5268
5268
5270
5270
5270
5270
5271
5272
5273
5274
5274
5275
5276
5276
5276
5278
5279
5281
5282
5282
5283
5283
5283
5284
5286
5287
5288
5293
5293
5294
5294
5296
5299
5300
5300
5301
5303
5303
5303
5303
5305
5305
5305
5307
5308
5308
5309
5309
5309
5309
5310
5312
5312
5313
5313
5314
5314
5315
5315
5315
5316
5320
5320
5321
5322
5322
5322
5324
5324
5324
5326
5329
5330
5330
5333
5336
5336
5337
5337
5337
5338
5340
5340
5341
5342
5343
5343
5346
5347
5348
5348
5348
5349
5349
5349
5350
5351
5352
5357
5357
5358
5359
5361
5361
5361
5361
5363
5364
5367
5367
5367
5368
5370
5370
5372
5372
5372
5373
5374
5374
5376
5376
5378
5378
5379
5379
5379
5380
5381
5383
5383
5385
5386
5390
5390
5391
5393
5394
5396
5397
5399
5399
5399
5399
5399
5400
5400
5400
5403
5405
5406
5407
5408
5409
5410
5413
5413
5414
5416
5419
5420
5422
5423
5423
5424
5424
5424
5425
5426
5427
5427
5429
5429
5429
5431
5434
5434
5435
5437
5437
5439
5440
5441
5442
5443
5443
5447
5449
5450
5450
5451
5451
5452
5453
5453
5455
5456
5456
5456
5457
5458
5458
5459
5459
5460
5460
5460
5461
5462
5465
5465
5466
5467
5469
5472
5472
5472
5474
5475
5476
5476
5478
5478
5479
5479
5479
5480
5482
5484
5484
5486
5488
5489
5491
5492
5494
5495
5495
5496
5496
5496
5496
5497
5499
5500
5500
5502
5502
5503
5505
5508
5509
5512
5512
5513
5518
5518
5519
5519
5520
5525
5526
5526
5527
5528
5529
5529
5529
5532
5533
5534
5534
5535
5536
5536
5537
5539
5539
5541
5541
5542
5542
5543
5543
5543
5545
5546
5546
5547
5547
5548
5548
5550
5550
5550
5550
5551
5554
5555
5555
5556
5558
5560
5561
5561
5562
5564
5564
5565
5566
5566
5566
5567
5568
5570
5572
5574
5575
5575
5576
5577
5577
5578
5579
5579
5579
5580
5580
5580
5581
5582
5582
5583
5587
5587
5591
5591
5592
5592
5592
5592
5594
5595
5599
5599
5600
5600
5601
5602
5604
5605
5608
5609
5609
5609
5611
5611
5612
5612
5613
5613
5614
5615
5616
5616
5619
5619
5620
5620
5621
5621
5625
5625
5627
5628
5630
5631
5632
5633
5633
5634
5635
5636
5637
5638
5639
5640
5641
5642
5642
5643
5643
5643
5643
5644
5644
5646
5646
5649
5652
5655
5655
5657
5658
5659
5659
5660
5660
5660
5661
5661
5662
5663
5663
5663
5667
5668
5670
5671
5675
5675
5676
5676
5678
5681
5682
5683
5684
5685
5687
5689
5690
5690
5691
5691
5692
5693
5693
5696
5696
5697
5700
5701
5702
5702
5703
5703
5704
5704
5705
5705
5705
5705
5706
5708
5709
5710
5711
5711
5711
5711
5713
5714
5719
5720
5722
5723
5725
5725
5726
5726
5727
5728
5728
5738
5738
5739
5740
5740
5740
5740
5743
5744
5744
5745
5745
5748
5749
5749
5751
5751
5753
5758
5758
5759
5760
5762
5763
5765
5767
5767
5768
5769
5770
5771
5771
5772
5772
5773
5774
5775
5777
5780
5783
5783
5784
5786
5786
5786
5787
5788
5788
5788
5788
5789
5789
5793
5793
5794
5795
5796
5796
5796
5797
5798
5799
5799
5799
5801
5803
5803
5804
5804
5805
5805
5806
5806
5806
5806
5807
5808
5809
5810
5812
5813
5813
5814
5814
5814
5815
5817
5818
5819
5820
5820
5820
5823
5823
5824
5825
5826
5826
5826
5827
5829
5829
5830
5831
5834
5834
5836
5843
5843
5844
5846
5847
5848
5851
5851
5851
5853
5855
5856
5858
5859
5859
5861
5861
5863
5864
5865
5865
5866
5866
5866
5866
5867
5868
5868
5871
5872
5873
5873
5875
5875
5877
5877
5879
5880
5880
5880
5880
5881
5881
5882
5884
5887
5888
5889
5889
5889
5889
5890
5895
5895
5899
5899
5904
5904
5906
5906
5906
5907
5909
5911
5912
5912
5913
5917
5918
5918
5919
5920
5924
5927
5927
5928
5931
5936
5937
5937
5939
5940
5943
5944
5947
5948
5949
5949
5951
5951
5952
5952
5953
5954
5954
5954
5955
5956
5960
5961
5962
5962
5963
5964
5965
5965
5966
5967
5969
5970
5970
5970
5971
5971
5971
5972
5973
5973
5974
5977
5981
5981
5983
5983
5984
5986
5989
5991
5992
5995
5995
5995
5995
5996
5996
5996
5997
5999
5999
5999
6003
6003
6003
6005
6007
6009
6014
6015
6016
6018
6021
6023
6024
6025
6025
6025
6028
6029
6029
6031
6032
6034
6034
6034
6034
6034
6035
6035
6035
6036
6037
6038
6039
6041
6045
6045
6050
6050
6050
6051
6051
6051
6053
6053
6055
6055
6057
6062
6063
6064
6067
6070
6070
6072
6072
6074
6074
6076
6076
6078
6082
6085
6086
6086
6088
6089
6090
6091
6091
6091
6092
6092
6092
6093
6093
6094
6095
6096
6096
6097
6099
6099
6100
6100
6102
6102
6102
6103
6103
6106
6107
6107
6107
6107
6108
6109
6110
6111
6111
6113
6113
6114
6114
6115
6115
6116
6118
6118
6120
6122
6123
6126
6127
6127
6127
6130
6132
6133
6133
6134
6136
6136
6137
6137
6137
6139
6139
6140
6142
6143
6143
6144
6145
6146
6147
6147
6148
6149
6151
6151
6152
6152
6154
6155
6155
6157
6157
6158
6159
6159
6159
6159
6160
6160
6160
6161
6162
6162
6165
6165
6166
6166
6167
6168
6170
6170
6170
6171
6172
6172
6172
6173
6173
6175
6176
6177
6177
6178
6178
6178
6180
6181
6185
6185
6186
6187
6187
6188
6188
6189
6190
6191
6191
6191
6192
6193
6195
6196
6200
6200
6200
6203
6204
6205
6205
6207
6208
6211
6211
6212
6213
6215
6215
6218
6218
6218
6220
6220
6220
6224
6224
6224
6224
6229
6232
6233
6236
6236
6238
6238
6239
6240
6240
6240
6241
6241
6242
6242
6245
6246
6247
6249
6250
6251
6253
6254
6254
6254
6255
6255
6256
6256
6257
6260
6261
6264
6265
6267
6268
6268
6270
6272
6273
6273
6277
6277
6279
6279
6282
6282
6284
6285
6285
6285
6286
6287
6288
6289
6289
6290
6291
6291
6291
6292
6293
6293
6294
6295
6296
6297
6298
6298
6301
6304
6305
6305
6306
6306
6307
6307
6308
6308
6309
6310
6311
6312
6313
6313
6316
6317
6318
6318
6319
6320
6321
6324
6325
6325
6327
6328
6332
6333
6334
6334
6335
6335
6336
6336
6337
6337
6337
6339
6340
6340
6341
6341
6344
6345
6345
6350
6351
6351
6354
6354
6356
6356
6358
6359
6359
6361
6362
6362
6363
6363
6366
6367
6367
6368
6368
6368
6369
6371
6371
6372
6372
6373
6374
6375
6375
6376
6377
6379
6381
6385
6387
6388
6388
6390
6393
6393
6396
6396
6397
6397
6398
6398
6398
6398
6399
6404
6405
6406
6408
6410
6414
6414
6417
6418
6418
6419
6420
6421
6421
6422
6424
6426
6429
6430
6432
6434
6435
6435
6435
6436
6436
6438
6438
6438
6439
6439
6440
6441
6441
6441
6441
6442
6442
6442
6443
6446
6449
6451
6453
6453
6453
6454
6455
6455
6456
6457
6458
6460
6461
6461
6463
6463
6466
6470
6470
6471
6472
6473
6473
6476
6476
6480
6481
6481
6481
6482
6483
6483
6484
6484
6484
6487
6489
6490
6491
6492
6492
6493
6494
6495
6497
6498
6498
6501
6502
6503
6504
6507
6510
6510
6511
6512
6514
6514
6515
6515
6521
6522
6523
6524
6525
6526
6527
6530
6531
6531
6531
6532
6533
6534
6535
6535
6536
6536
6537
6537
6538
6540
6540
6540
6542
6543
6544
6544
6545
6546
6546
6549
6549
6550
6550
6552
6553
6554
6555
6555
6556
6556
6556
6557
6558
6559
6559
6559
6560
6560
6560
6560
6562
6562
6563
6566
6567
6567
6568
6568
6570
6571
6572
6572
6573
6573
6575
6577
6578
6579
6579
6580
6581
6581
6582
6587
6587
6587
6587
6589
6589
6589
6591
6592
6592
6593
6593
6593
6594
6594
6595
6596
6599
6600
6601
6601
6602
6606
6607
6607
6609
6612
6612
6614
6614
6618
6618
6618
6619
6619
6619
6620
6620
6620
6621
6621
6622
6622
6624
6625
6625
6626
6629
6630
6631
6631
6633
6635
6637
6640
6642
6642
6644
6645
6647
6649
6650
6650
6650
6652
6653
6654
6654
6654
6654
6655
6655
6657
6657
6663
6666
6667
6668
6668
6668
6669
6670
6671
6671
6672
6672
6672
6673
6674
6674
6675
6680
6682
6683
6685
6688
6688
6692
6694
6695
6697
6698
6701
6701
6701
6704
6704
6705
6705
6706
6707
6708
6709
6709
6710
6712
6712
6712
6715
6716
6717
6718
6718
6718
6719
6720
6721
6721
6722
6722
6722
6724
6727
6727
6727
6727
6727
6728
6728
6729
6730
6733
6736
6737
6737
6739
6740
6742
6742
6743
6743
6743
6745
6747
6747
6748
6749
6749
6749
6751
6753
6754
6756
6757
6757
6760
6762
6762
6763
6764
6764
6765
6765
6765
6766
6766
6767
6767
6768
6771
6771
6773
6775
6775
6779
6781
6781
6781
6782
6782
6783
6784
6786
6788
6788
6788
6789
6792
6792
6792
6794
6795
6796
6796
6797
6798
6798
6800
6800
6802
6802
6803
6804
6805
6805
6806
6807
6807
6808
6812
6813
6813
6814
6815
6816
6818
6818
6819
6820
6822
6822
6822
6824
6825
6825
6827
6832
6833
6834
6834
6835
6835
6836
6836
6836
6837
6837
6837
6838
6838
6839
6840
6840
6840
6840
6843
6843
6846
6847
6847
6847
6847
6848
6848
6848
6848
6849
6849
6850
6851
6851
6853
6855
6855
6856
6856
6858
6860
6861
6861
6863
6863
6864
6866
6869
6872
6872
6872
6873
6874
6874
6875
6878
6878
6880
6881
6882
6886
6887
6887
6888
6888
6889
6894
6894
6895
6896
6896
6902
6903
6905
6905
6906
6906
6907
6912
6913
6915
6915
6917
6918
6918
6919
6919
6921
6921
6922
6922
6924
6925
6926
6927
6928
6931
6932
6933
6934
6935
6937
6937
6939
6939
6942
6942
6943
6943
6943
6948
6950
6950
6951
6951
6952
6953
6953
6955
6958
6961
6962
6962
6963
6964
6965
6965
6965
6966
6966
6967
6968
6968
6969
6970
6971
6972
6972
6972
6976
6977
6977
6978
6978
6982
6983
6983
6983
6984
6986
6988
6989
6992
6995
6996
6997
6997
6998
6998
6999
7000
7001
7001
7001
7002
7006
7007
7007
7009
7010
7011
7012
7014
7014
7014
7014
7014
7015
7015
7017
7020
7020
7021
7022
7023
7025
7026
7026
7026
7028
7028
7030
7033
7033
7034
7035
7036
7036
7037
7038
7038
7040
7041
7041
7042
7042
7042
7044
7046
7046
7046
7049
7050
7051
7053
7053
7054
7054
7056
7058
7059
7060
7060
7061
7062
7063
7063
7063
7065
7065
7069
7070
7071
7072
7073
7074
7075
7077
7079
7080
7081
7082
7084
7085
7086
7086
7088
7088
7088
7089
7089
7090
7090
7090
7095
7097
7097
7098
7098
7100
7103
7104
7105
7105
7105
7106
7108
7108
7112
7112
7113
7116
7116
7118
7118
7120
7120
7120
7120
7121
7121
7123
7124
7124
7125
7126
7127
7127
7128
7129
7129
7130
7130
7130
7130
7130
7133
7134
7136
7137
7138
7138
7139
7139
7141
7143
7144
7144
7144
7145
7146
7149
7150
7151
7151
7151
7152
7152
7154
7156
7159
7159
7160
7160
7161
7161
7161
7162
7162
7163
7163
7163
7163
7164
7166
7166
7167
7177
7178
7178
7180
7180
7180
7182
7182
7182
7183
7184
7184
7185
7186
7188
7189
7190
7192
7194
7198
7200
7201
7201
7203
7204
7205
7210
7212
7212
7212
7214
7215
7215
7215
7216
7217
7217
7217
7219
7219
7220
7221
7222
7222
7222
7223
7225
7226
7226
7226
7226
7227
7229
7230
7231
7231
7231
7233
7233
7234
7234
7235
7235
7239
7240
7240
7241
7244
7246
7247
7247
7248
7248
7249
7250
7250
7250
7251
7253
7253
7254
7254
7256
7257
7257
7259
7259
7260
7260
7260
7261
7261
7263
7263
7267
7268
7270
7272
7272
7273
7274
7275
7275
7276
7278
7278
7278
7279
7279
7279
7281
7282
7282
7284
7284
7284
7285
7287
7288
7288
7288
7289
7289
7291
7291
7291
7291
7292
7292
7295
7296
7298
7299
7301
7303
7303
7304
7307
7309
7309
7309
7309
7310
7311
7311
7312
7313
7314
7314
7315
7315
7315
7317
7317
7317
7317
7318
7318
7319
7323
7324
7325
7325
7327
7327
7328
7329
7330
7331
7331
7331
7332
7332
7333
7333
7335
7336
7338
7339
7339
7339
7339
7341
7342
7342
7344
7345
7345
7345
7346
7346
7348
7348
7348
7348
7348
7349
7349
7351
7351
7352
7352
7353
7353
7354
7355
7356
7356
7356
7357
7357
7357
7358
7358
7358
7359
7359
7360
7361
7361
7362
7363
7364
7365
7367
7367
7369
7369
7370
7370
7370
7371
7372
7373
7374
7376
7377
7378
7378
7380
7380
7380
7380
7381
7382
7382
7383
7383
7383
7383
7384
7385
7386
7386
7386
7388
7389
7389
7391
7393
7395
7397
7398
7399
7399
7400
7402
7404
7404
7404
7405
7405
7406
7408
7408
7408
7409
7410
7410
7411
7412
7412
7412
7412
7413
7414
7415
7416
7419
7419
7421
7421
7425
7426
7426
7430
7431
7432
7436
7438
7438
7439
7439
7440
7440
7441
7445
7446
7446
7447
7448
7448
7449
7449
7450
7451
7452
7454
7455
7457
7459
7459
7459
7460
7461
7461
7461
7464
7465
7465
7465
7466
7466
7467
7467
7467
7468
7468
7470
7473
7474
7474
7475
7475
7476
7477
7477
7479
7480
7481
7483
7483
7484
7484
7485
7485
7486
7487
7487
7488
7489
7490
7493
7493
7493
7494
7496
7496
7498
7498
7499
7499
7500
7501
7503
7504
7505
7506
7507
7508
7509
7509
7510
7511
7512
7513
7514
7516
7516
7517
7519
7520
7521
7522
7525
7526
7527
7528
7529
7531
7532
7533
7534
7535
7535
7535
7536
7538
7538
7539
7540
7540
7542
7542
7546
7548
7549
7553
7555
7556
7557
7557
7559
7561
7562
7563
7564
7564
7568
7569
7570
7570
7571
7573
7573
7575
7579
7579
7580
7580
7582
7582
7584
7585
7585
7587
7588
7590
7590
7593
7595
7596
7597
7597
7603
7603
7603
7603
7604
7604
7604
7605
7605
7607
7607
7608
7608
7609
7609
7610
7612
7612
7613
7614
7616
7617
7617
7618
7619
7620
7620
7622
7623
7624
7628
7628
7630
7630
7631
7632
7633
7637
7637
7639
7642
7642
7643
7645
7645
7646
7647
7647
7648
7650
7653
7653
7654
7654
7655
7659
7659
7661
7662
7664
7667
7667
7668
7670
7670
7671
7674
7674
7674
7674
7675
7675
7676
7677
7679
7679
7680
7682
7682
7684
7684
7686
7686
7688
7689
7690
7690
7693
7693
7694
7694
7694
7695
7696
7697
7697
7697
7698
7698
7699
7699
7700
7700
7701
7702
7703
7704
7707
7707
7708
7709
7711
7712
7712
7713
7713
7716
7716
7716
7716
7717
7717
7717
7718
7718
7718
7720
7721
7721
7721
7722
7722
7722
7723
7724
7727
7729
7729
7729
7731
7731
7732
7732
7732
7733
7735
7737
7737
7738
7738
7739
7740
7740
7740
7742
7742
7743
7745
7747
7747
7749
7751
7752
7752
7753
7754
7754
7756
7756
7757
7759
7760
7760
7761
7764
7764
7767
7767
7767
7769
7769
7771
7772
7773
7774
7775
7776
7776
7776
7776
7778
7779
7779
7783
7786
7787
7787
7790
7793
7798
7798
7801
7802
7805
7805
7805
7806
7807
7807
7807
7808
7811
7812
7816
7816
7817
7817
7817
7817
7818
7818
7819
7819
7820
7820
7821
7823
7825
7826
7826
7827
7827
7828
7829
7830
7830
7830
7831
7831
7831
7833
7834
7834
7834
7834
7834
7835
7836
7836
7839
7839
7839
7840
7841
7841
7842
7842
7842
7843
7846
7853
7853
7854
7855
7856
7858
7859
7859
7862
7862
7865
7866
7868
7868
7868
7869
7870
7871
7872
7872
7874
7874
7875
7875
7876
7877
7877
7878
7878
7879
7880
7881
7882
7884
7885
7886
7886
7888
7889
7890
7891
7892
7894
7894
7897
7898
7898
7901
7902
7903
7905
7907
7907
7908
7909
7910
7911
7911
7911
7913
7913
7915
7915
7917
7918
7919
7920
7921
7922
7922
7923
7923
7924
7925
7925
7925
7928
7928
7928
7929
7932
7933
7934
7934
7934
7935
7935
7936
7936
7939
7940
7940
7941
7942
7942
7942
7943
7947
7947
7947
7947
7948
7949
7951
7954
7955
7955
7957
7957
7962
7962
7964
7964
7965
7966
7967
7967
7967
7968
7968
7970
7975
7975
7977
7979
7982
7983
7983
7984
7984
7985
7986
7988
7988
7989
7989
7990
7990
7991
7991
7991
7992
7993
7994
7994
7995
7996
8000
8003
8004
8004
8007
8008
8008
8008
8011
8012
8013
8013
8015
8017
8017
8018
8018
8024
8024
8026
8033
8034
8038
8039
8041
8042
8042
8042
8043
8045
8045
8046
8046
8047
8047
8049
8050
8053
8053
8054
8055
8055
8056
8058
8060
8060
8062
8062
8063
8063
8063
8064
8067
8070
8070
8071
8073
8074
8074
8074
8075
8077
8077
8077
8080
8080
8080
8081
8082
8084
8085
8087
8087
8089
8089
8090
8091
8092
8093
8096
8097
8097
8099
8101
8103
8105
8106
8106
8107
8109
8111
8111
8112
8112
8112
8116
8116
8116
8116
8120
8120
8120
8121
8121
8121
8121
8122
8122
8123
8124
8124
8126
8132
8134
8134
8136
8136
8137
8137
8138
8138
8138
8138
8139
8140
8140
8141
8143
8144
8145
8146
8147
8149
8150
8151
8152
8152
8152
8153
8153
8154
8155
8156
8157
8158
8160
8161
8161
8162
8162
8162
8162
8163
8163
8165
8167
8168
8169
8169
8170
8171
8171
8172
8173
8174
8175
8175
8176
8177
8178
8183
8183
8186
8187
8187
8187
8188
8188
8189
8190
8192
8193
8194
8195
8196
8197
8198
8199
8200
8201
8201
8202
8202
8203
8204
8204
8205
8207
8208
8210
8211
8212
8213
8215
8215
8216
8217
8218
8218
8219
8219
8219
8220
8221
8222
8223
8225
8228
8232
8232
8232
8233
8233
8233
8233
8235
8236
8237
8240
8240
8241
8242
8243
8245
8245
8245
8247
8247
8249
8249
8249
8252
8254
8256
8259
8260
8261
8261
8262
8267
8269
8270
8271
8273
8273
8273
8275
8277
8277
8280
8280
8280
8281
8281
8281
8282
8283
8284
8285
8285
8288
8289
8291
8293
8294
8295
8295
8297
8298
8298
8299
8300
8300
8301
8302
8304
8305
8306
8307
8309
8310
8311
8312
8314
8314
8315
8315
8315
8315
8315
8316
8319
8319
8320
8321
8322
8324
8325
8326
8326
8329
8329
8331
8331
8332
8332
8333
8333
8334
8336
8337
8337
8339
8339
8339
8341
8341
8341
8343
8343
8344
8345
8346
8347
8349
8349
8350
8350
8351
8351
8352
8353
8356
8356
8356
8356
8356
8358
8359
8359
8359
8360
8360
8361
8361
8361
8362
8362
8363
8364
8364
8365
8365
8367
8367
8367
8368
8369
8370
8371
8371
8371
8375
8377
8379
8381
8381
8384
8384
8385
8385
8388
8388
8391
8392
8392
8394
8394
8396
8397
8398
8399
8405
8405
8405
8407
8410
8411
8413
8414
8416
8417
8419
8419
8419
8420
8420
8420
8421
8423
8426
8427
8428
8429
8430
8433
8436
8437
8438
8440
8440
8441
8445
8446
8446
8448
8450
8450
8451
8451
8452
8453
8454
8454
8454
8455
8456
8457
8458
8459
8463
8465
8466
8466
8466
8466
8467
8470
8471
8473
8475
8475
8475
8476
8476
8477
8478
8479
8482
8482
8484
8487
8489
8493
8495
8496
8496
8497
8498
8499
8499
8500
8501
8502
8502
8503
8503
8504
8504
8505
8505
8506
8508
8509
8510
8510
8511
8513
8514
8514
8516
8519
8522
8524
8526
8527
8530
8530
8532
8533
8538
8538
8539
8539
8540
8541
8541
8542
8545
8546
8546
8547
8548
8549
8552
8552
8553
8553
8553
8554
8556
8557
8558
8559
8559
8559
8560
8560
8560
8561
8562
8563
8563
8564
8565
8565
8565
8565
8566
8572
8574
8575
8577
8578
8578
8580
8580
8580
8580
8581
8581
8581
8583
8583
8583
8585
8587
8588
8591
8594
8596
8596
8597
8602
8606
8606
8607
8607
8607
8609
8612
8613
8614
8615
8615
8616
8616
8616
8616
8616
8617
8617
8618
8620
8623
8626
8627
8628
8628
8630
8630
8630
8630
8632
8633
8633
8634
8639
8639
8640
8642
8643
8643
8643
8644
8645
8646
8647
8649
8649
8650
8651
8652
8655
8655
8656
8659
8660
8663
8665
8665
8667
8667
8669
8670
8670
8670
8671
8672
8674
8674
8675
8675
8679
8680
8681
8682
8682
8683
8683
8684
8687
8689
8689
8690
8690
8693
8694
8695
8696
8696
8696
8697
8698
8698
8699
8699
8700
8701
8702
8704
8706
8707
8707
8708
8709
8710
8711
8713
8716
8717
8720
8722
8722
8723
8723
8724
8724
8725
8728
8728
8729
8729
8730
8732
8733
8737
8738
8740
8741
8742
8743
8743
8744
8744
8746
8748
8748
8748
8749
8750
8750
8754
8754
8754
8754
8755
8757
8757
8760
8760
8761
8761
8762
8764
8765
8765
8765
8766
8767
8768
8768
8768
8769
8769
8771
8772
8773
8773
8774
8776
8778
8778
8780
8781
8782
8784
8784
8785
8786
8786
8787
8787
8788
8789
8790
8792
8793
8794
8796
8796
8798
8798
8799
8800
8800
8800
8802
8803
8803
8805
8806
8809
8810
8813
8814
8814
8814
8815
8816
8817
8817
8819
8820
8821
8822
8823
8823
8823
8823
8824
8826
8828
8829
8830
8831
8831
8832
8833
8834
8834
8835
8836
8836
8836
8837
8837
8838
8838
8840
8840
8840
8841
8841
8842
8842
8845
8848
8849
8850
8850
8851
8851
8854
8854
8855
8855
8855
8856
8857
8857
8857
8858
8858
8858
8859
8859
8860
8861
8864
8866
8867
8867
8869
8869
8873
8873
8875
8875
8876
8876
8876
8877
8878
8879
8881
8882
8882
8883
8883
8885
8887
8887
8887
8887
8888
8890
8890
8891
8894
8895
8897
8897
8898
8898
8898
8899
8899
8900
8901
8902
8902
8902
8905
8907
8907
8908
8910
8913
8913
8915
8915
8915
8917
8917
8918
8920
8920
8921
8924
8925
8927
8927
8927
8928
8928
8928
8928
8929
8929
8931
8932
8932
8934
8936
8936
8936
8937
8937
8938
8941
8942
8942
8943
8943
8945
8945
8948
8948
8950
8951
8952
8953
8953
8954
8956
8960
8961
8961
8961
8961
8961
8963
8964
8966
8966
8967
8967
8968
8968
8969
8969
8969
8969
8971
8971
8971
8972
8973
8975
8978
8978
8979
8979
8979
8980
8981
8982
8982
8984
8984
8985
8985
8985
8986
8986
8987
8988
8989
8989
8990
8990
8991
8991
8993
8993
8994
8994
8996
8997
8997
8997
8998
9003
9004
9004
9004
9006
9006
9007
9009
9009
9010
9011
9012
9013
9014
9014
9014
9015
9016
9016
9019
9022
9022
9023
9024
9026
9029
9029
9031
9032
9033
9033
9033
9035
9035
9036
9038
9039
9041
9041
9041
9041
9042
9042
9046
9047
9048
9048
9049
9049
9049
9051
9053
9053
9055
9055
9055
9055
9055
9057
9059
9060
9060
9061
9065
9066
9067
9068
9068
9069
9070
9070
9071
9071
9072
9072
9073
9073
9075
9076
9079
9082
9082
9083
9083
9084
9085
9088
9089
9089
9091
9092
9093
9094
9094
9095
9095
9096
9096
9096
9097
9098
9098
9100
9100
9103
9103
9104
9107
9108
9111
9111
9112
9113
9115
9115
9116
9117
9119
9121
9124
9127
9128
9129
9129
9129
9130
9130
9131
9133
9134
9134
9136
9138
9139
9140
9144
9146
9146
9147
9149
9150
9150
9150
9154
9154
9156
9158
9158
9158
9159
9159
9159
9159
9160
9160
9160
9162
9162
9162
9163
9163
9164
9164
9165
9165
9167
9169
9170
9174
9174
9175
9175
9175
9175
9176
9176
9176
9177
9179
9179
9179
9180
9180
9181
9181
9182
9182
9182
9183
9184
9187
9188
9188
9188
9189
9190
9190
9190
9191
9194
9195
9196
9198
9198
9198
9199
9200
9200
9200
9201
9202
9203
9206
9207
9207
9209
9209
9212
9213
9213
9214
9214
9217
9217
9219
9219
9219
9220
9222
9226
9229
9229
9230
9231
9231
9231
9232
9233
9237
9238
9240
9241
9244
9244
9246
9247
9248
9248
9249
9252
9253
9258
9260
9260
9263
9263
9265
9265
9265
9266
9268
9269
9270
9270
9271
9273
9273
9277
9277
9278
9279
9281
9282
9282
9283
9284
9285
9286
9287
9287
9288
9289
9289
9290
9293
9294
9295
9296
9296
9296
9296
9299
9302
9302
9303
9304
9304
9305
9306
9309
9311
9314
9314
9315
9316
9316
9316
9316
9318
9318
9318
9320
9321
9324
9325
9325
9326
9326
9328
9329
9331
9332
9333
9334
9334
9336
9337
9338
9339
9341
9342
9342
9343
9343
9344
9345
9346
9346
9346
9347
9348
9349
9351
9352
9355
9355
9356
9358
9358
9359
9360
9361
9361
9362
9362
9363
9363
9365
9369
9370
9371
9373
9376
9380
9380
9380
9382
9382
9384
9386
9388
9389
9389
9390
9392
9393
9395
9396
9397
9398
9399
9401
9403
9409
9409
9415
9416
9416
9416
9416
9417
9419
9419
9419
9419
9420
9421
9424
9425
9425
9425
9427
9427
9428
9428
9429
9432
9432
9434
9434
9436
9441
9443
9445
9445
9446
9448
9449
9453
9456
9456
9457
9457
9459
9459
9459
9461
9462
9464
9464
9465
9465
9465
9466
9466
9466
9466
9467
9468
9470
9471
9471
9472
9473
9474
9475
9476
9477
9478
9479
9479
9479
9480
9481
9481
9484
9488
9490
9490
9490
9491
9494
9494
9499
9504
9504
9505
9506
9507
9507
9508
9509
9510
9510
9511
9512
9512
9512
9512
9512
9512
9513
9513
9514
9514
9516
9516
9516
9518
9519
9519
9519
9520
9520
9521
9521
9522
9522
9524
9524
9525
9526
9527
9530
9532
9535
9536
9536
9539
9540
9541
9542
9545
9545
9545
9545
9545
9546
9547
9547
9549
9551
9554
9554
9555
9555
9556
9556
9556
9558
9561
9562
9562
9562
9562
9563
9564
9564
9564
9565
9567
9568
9569
9569
9571
9571
9571
9572
9572
9574
9575
9578
9578
9578
9580
9584
9585
9585
9588
9590
9592
9596
9597
9598
9598
9599
9600
9600
9600
9601
9603
9604
9604
9604
9606
9606
9607
9607
9607
9608
9610
9610
9610
9611
9612
9613
9614
9614
9615
9615
9615
9616
9617
9618
9620
9623
9625
9625
9626
9626
9626
9626
9627
9630
9633
9633
9633
9637
9642
9643
9643
9644
9645
9645
9645
9646
9646
9646
9647
9647
9648
9648
9649
9649
9650
9651
9652
9655
9655
9656
9657
9658
9658
9659
9660
9661
9661
9661
9662
9662
9664
9665
9665
9666
9666
9667
9668
9670
9670
9670
9672
9672
9673
9673
9675
9675
9675
9676
9677
9678
9679
9680
9681
9681
9681
9682
9683
9684
9685
9685
9685
9686
9688
9689
9691
9694
9694
9694
9696
9696
9698
9700
9703
9703
9704
9704
9704
9705
9705
9706
9706
9709
9710
9711
9712
9712
9712
9714
9714
9716
9716
9717
9717
9717
9720
9722
9722
9722
9724
9725
9727
9727
9728
9730
9731
9731
9731
9732
9733
9736
9737
9738
9740
9741
9741
9741
9742
9742
9742
9743
9745
9745
9745
9745
9746
9747
9747
9754
9754
9756
9757
9759
9761
9763
9763
9764
9767
9767
9768
9768
9769
9770
9774
9775
9776
9776
9777
9777
9778
9779
9780
9780
9781
9782
9782
9783
9784
9784
9785
9786
9786
9787
9788
9789
9791
9792
9793
9793
9794
9795
9796
9797
9797
9798
9798
9798
9799
9800
9800
9800
9802
9804
9804
9805
9805
9805
9806
9807
9807
9809
9809
9809
9809
9810
9811
9811
9812
9812
9813
9813
9816
9817
9817
9817
9817
9819
9820
9821
9822
9824
9824
9824
9824
9826
9829
9830
9831
9833
9834
9836
9837
9839
9840
9841
9843
9844
9845
9846
9847
9849
9849
9850
9850
9852
9853
9854
9854
9855
9855
9856
9856
9858
9859
9860
9860
9861
9861
9864
9865
9866
9866
9867
9868
9869
9870
9872
9873
9873
9875
9875
9876
9876
9877
9878
9878
9879
9879
9880
9880
9881
9883
9885
9885
9886
9887
9888
9891
9891
9891
9892
9892
9894
9894
9894
9896
9897
9898
9900
9900
9902
9903
9903
9904
9905
9905
9906
9906
9907
9907
9908
9908
9909
9909
9910
9911
9911
9912
9912
9916
9917
9918
9919
9919
9920
9923
9923
9924
9925
9925
9926
9926
9926
9926
9927
9928
9928
9931
9931
9931
9933
9933
9937
9937
9938
9940
9943
9945
9945
9949
9951
9952
9953
9954
9955
9956
9958
9961
9964
9964
9966
9966
9969
9969
9969
9969
9969
9971
9971
9971
9973
9975
9975
9976
9976
9976
9977
9979
9980
9981
9981
9982
9983
9984
9984
9984
9986
9986
9986
9987
9988
9988
9989
9989
9990
9994
9995
9995
9997
9998
9998
9998
9998
10000